0 -33.59
1 0.00
2 -0.00
3 16.99
4 -19.17
5 -1.07
6 -48.58
7 14.48
8 66.59
9 31.33
10 23.51
11 -74.27
12 10.14
13 -42.91
14 3.64
15 -1.06
16 1.54
17 9.24
18 0.00
19 -31.56
20 8.37
21 30.40
22 -23.20
23 -45.44
24 -28.57
25 1.92
26 -28.02
27 -13.61
28 -10.75
29 31.75
30 6.60
31 0.00
32 4.46
33 -22.25
34 -34.89
35 33.03
36 -46.21
37 -22.43
38 -29.95
39 -55.51
40 17.04
41 11.47
42 -15.26
43 -20.95
44 -64.01
45 -5.52
46 -14.42
47 -38.01
48 -26.16
49 -48.30
50 64.35
51 32.98
52 18.58
53 -36.18
54 -32.67
55 20.12
56 6.37
57 -69.96
58 -33.89
59 -0.52
60 10.88
61 8.12
62 22.91
63 -39.06
64 2.05
65 -13.36
66 -19.79
67 7.01
68 0.62
69 -0.97
70 29.57
71 -43.22
72 16.64
73 16.09
74 4.69
75 17.94
76 -13.19
77 3.94
78 0.98
79 -16.57
80 14.11
81 0.00
82 32.44
83 19.31
84 -29.76
85 -8.78
86 0.00
87 -15.66
88 -30.27
89 -7.88
90 14.15
91 -2.75
92 24.30
93 -48.42
94 -61.99
95 21.96
96 53.87
97 31.89
98 -23.97
99 -10.68
100 -55.19
101 -33.54
102 -8.85
103 36.74
104 7.10
105 -12.14
106 11.43
107 -0.29
108 -20.98
109 36.99
110 -4.54
111 12.93
112 11.04
113 15.11
114 8.31
115 -5.62
116 33.66
117 -12.96
118 36.76
119 -31.04
120 -36.26
121 21.66
122 -14.03
123 -29.42
124 17.37
125 -19.85
126 50.19
127 -17.07
128 7.13
129 0.68
130 24.20
131 19.44
132 9.38
133 -17.65
134 19.76
135 26.93
136 0.00
137 15.40
138 -46.27
139 -11.78
140 14.01
141 0.00
142 -18.58
143 -18.06
144 -2.41
145 -32.13
146 26.52
147 19.00
148 7.19
149 -22.85
150 -17.64
151 -12.01
152 39.71
153 22.73
154 -40.20
155 7.93
156 26.01
157 -24.52
158 0.00
159 15.74
160 -40.64
161 -33.63
162 -33.22
163 45.59
164 12.30
165 -5.25
166 34.06
167 -34.11
168 -11.44
169 22.43
170 -21.62
171 -44.41
172 -28.51
173 33.44
174 -2.87
175 26.28
176 30.50
177 -29.32
178 -8.41
179 -4.97
180 35.24
181 34.50
182 8.52
183 61.12
184 -16.58
185 13.15
186 24.06
187 16.95
188 -0.74
189 -7.66
190 5.19
191 39.60
192 0.00
193 9.02
194 39.50
195 20.19
196 72.81
197 -61.76
198 27.16
199 -3.59
200 7.58
201 28.22
202 5.80
203 9.91
204 -29.37
205 28.30
206 66.31
207 74.60
208 30.43
209 55.48
210 0.00
211 -27.79
212 -25.12
213 -2.98
214 -18.97
215 17.55
216 17.95
217 4.19
218 -17.86
219 -27.64
220 10.45
221 0.00
222 15.97
223 -13.59
224 -25.43
225 -3.53
226 -36.76
227 -37.52
228 9.12
229 26.47
230 4.14
231 31.40
232 -15.02
233 0.00
234 19.82
235 7.17
236 42.86
237 -20.40
238 -26.34
239 22.81
240 -41.29
241 35.40
242 -14.46
243 42.10
244 -1.16
245 -11.82
246 51.32
247 -12.63
248 -19.28
249 -4.11
250 -14.88
251 -3.88
252 0.00
253 -24.79
254 -24.70
255 29.58
