0 -21.18
1 0.00
2 0.00
3 23.84
4 -16.22
5 11.98
6 -38.64
7 25.19
8 72.99
9 19.79
10 33.22
11 -63.29
12 15.27
13 -31.69
14 2.86
15 -0.59
16 12.01
17 27.07
18 0.00
19 -29.30
20 25.12
21 41.47
22 -6.21
23 -41.47
24 -26.56
25 17.54
26 -9.17
27 6.13
28 4.16
29 35.77
30 11.13
31 0.00
32 17.15
33 -9.55
34 -18.86
35 37.15
36 -33.83
37 -7.83
38 -27.51
39 -47.50
40 28.04
41 23.08
42 -5.00
43 -8.67
44 -47.79
45 9.22
46 -4.78
47 -30.88
48 -11.81
49 -35.84
50 71.84
51 59.67
52 34.05
53 -26.46
54 -13.32
55 34.38
56 15.57
57 -54.76
58 -10.94
59 14.62
60 18.60
61 13.69
62 22.79
63 -26.83
64 6.84
65 -20.18
66 -3.95
67 -9.48
68 12.52
69 8.44
70 31.92
71 -27.87
72 32.75
73 23.77
74 29.48
75 33.09
76 -5.53
77 13.09
78 11.33
79 -10.19
80 35.62
81 0.00
82 33.02
83 26.14
84 -13.20
85 9.09
86 0.00
87 -6.92
88 -23.18
89 6.59
90 32.48
91 4.82
92 12.31
93 -40.27
94 -57.84
95 23.30
96 66.23
97 45.59
98 -19.71
99 -11.84
100 -45.39
101 -24.08
102 1.19
103 23.90
104 7.51
105 -16.69
106 37.20
107 11.04
108 -13.00
109 33.15
110 4.31
111 21.97
112 23.41
113 20.92
114 22.10
115 18.47
116 50.64
117 0.96
118 52.63
119 -29.21
120 -26.05
121 30.64
122 1.04
123 -7.27
124 27.19
125 -12.65
126 58.24
127 -3.73
128 7.59
129 16.39
130 27.18
131 30.89
132 31.57
133 -18.12
134 26.19
135 28.84
136 0.00
137 32.20
138 -35.60
139 -6.23
140 21.36
141 0.00
142 -17.50
143 2.10
144 7.16
145 -14.52
146 36.51
147 34.31
148 27.52
149 -9.90
150 -19.00
151 2.23
152 54.60
153 32.11
154 -17.99
155 22.50
156 26.09
157 -15.67
158 0.00
159 97.82
160 -33.36
161 -31.74
162 -29.55
163 50.79
164 14.08
165 13.31
166 55.73
167 -25.65
168 -6.88
169 38.03
170 3.96
171 -32.98
172 -19.93
173 38.34
174 0.39
175 39.48
176 40.25
177 -16.52
178 5.32
179 8.22
180 53.48
181 49.77
182 28.64
183 69.37
184 -10.91
185 21.70
186 35.59
187 30.54
188 1.78
189 4.11
190 8.65
191 49.84
192 0.00
193 15.89
194 39.25
195 36.13
196 78.59
197 -46.93
198 30.42
199 6.44
200 11.01
201 40.78
202 22.24
203 26.43
204 -16.23
205 -174.81
206 73.17
207 82.89
208 27.18
209 69.82
210 0.00
211 -7.78
212 -10.75
213 20.10
214 -9.26
215 36.03
216 17.94
217 22.90
218 0.92
219 -20.20
220 29.85
221 0.00
222 29.76
223 -1.14
224 -2.27
225 6.50
226 -22.00
227 -25.06
228 19.59
229 35.38
230 8.76
231 39.53
232 -5.76
233 0.00
234 42.98
235 16.46
236 73.50
237 -25.53
238 -17.32
239 16.09
240 -40.40
241 35.17
242 -10.27
243 42.88
244 14.97
245 3.16
246 63.74
247 -5.39
248 -10.68
249 9.25
250 10.41
251 5.83
252 0.00
253 -17.62
254 -8.15
255 44.00
