##################################################
# this file maps inputs into the receiver/correlator to antennas and polarisations.
# in addition, a cable length delta (in meters) can be specified
# the first column is not actually used by the uvfits writer, but is there as
# an aide to human readers. Inputs are ordered from 0 to n_inp-1
# antenna numbering starts at 0 and is an index into the corresponding antenna_locations.txt file
# lines beginning with '\#' and blank lines are ignored. Do not leave spaces in empty lines.
#
# Input flagging: put a 1 in the flag column to flag all data from that input.
#                 0 means no flag.
# Cable lengths: if length is prefixed by EL_ then no velocity correction factor is needed
#               since the value is interpreted directly as an electrical length
# this is based on decoding from an email from Alessio 12/2/2018, which notes internal re-ordering
# inside preADU:
#antenna_preadu_mapping = {0: 1,  1: 2,  2: 3,    3: 4,
#                          8: 5,  9: 6,  10: 7,  11: 8,
#                         15: 9, 14: 10, 13: 11, 12: 12,
#                          7: 13, 6: 14,  5: 15,  4: 16}
#
##################################################
# INPUT   ANTENNA   POL     DELTA   FLAG 
0	49	X	0	0
1	49	Y	0	0
2	82	X	0	0
3	82	Y	0	0
4	32	X	0	0
5	32	Y	0	0
6	31	X	0	0
7	31	Y	0	0
8	103	X	0	0
9	103	Y	0	0
10	71	X	0	0
11	71	Y	0	0
12	69	X	0	0
13	69	Y	0	0
14	100	X	0	0
15	100	Y	0	0
16	21	X	0	0
17	21	Y	0	0
18	7	X	0	0
19	7	Y	0	0
20	20	X	0	0
21	20	Y	0	0
22	63	X	0	0
23	63	Y	0	0
24	118	X	0	0
25	118	Y	0	0
26	98	X	0	0
27	98	Y	0	0
28	102	X	0	0
29	102	Y	0	0
30	2	X	0	1
31	2	Y	0	1
32	83	X	0	0
33	83	Y	0	0
34	6	X	0	0
35	6	Y	0	0
36	22	X	0	0
37	22	Y	0	0
38	28	X	0	0
39	28	Y	0	0
40	61	X	0	0
41	61	Y	0	0
42	60	X	0	0
43	60	Y	0	0
44	62	X	0	0
45	62	Y	0	0
46	30	X	0	0
47	30	Y	0	0
48	5	X	0	0
49	5	Y	0	0
50	24	X	0	0
51	24	Y	0	0
52	23	X	0	0
53	23	Y	0	0
54	29	X	0	0
55	29	Y	0	0
56	51	X	0	0
57	51	Y	0	0
58	25	X	0	1
59	25	Y	0	1
60	52	X	0	0
61	52	Y	0	0
62	50	X	0	0
63	50	Y	0	0
64	26	X	0	0
65	26	Y	0	0
66	58	X	0	0
67	58	Y	0	0
68	57	X	0	0
69	57	Y	0	0
70	55	X	0	0
71	55	Y	0	0
72	53	X	0	0
73	53	Y	0	0
74	90	X	0	0
75	90	Y	0	0
76	59	X	0	0
77	59	Y	0	0
78	88	X	0	0
79	88	Y	0	0
80	56	X	0	0
81	56	Y	0	0
82	84	X	0	0
83	84	Y	0	0
84	54	X	0	0
85	54	Y	0	0
86	85	X	0	0
87	85	Y	0	0
88	86	X	0	0
89	86	Y	0	0
90	87	X	0	0
91	87	Y	0	0
92	97	X	0	0
93	97	Y	0	0
94	27	X	0	0
95	27	Y	0	0
96	91	X	0	0
97	91	Y	0	0
98	89	X	0	0
99	89	Y	0	0
100	93	X	0	0
101	93	Y	0	0
102	124	X	0	0
103	124	Y	0	0
104	121	X	0	0
105	121	Y	0	0
106	127	X	0	1
107	127	Y	0	1
108	95	X	0	0
109	95	Y	0	0
110	96	X	0	0
111	96	Y	0	0
112	122	X	0	0
113	122	Y	0	0
114	125	X	0	0
115	125	Y	0	0
116	119	X	0	1
117	119	Y	0	1
118	123	X	0	0
119	123	Y	0	0
120	92	X	0	0
121	92	Y	0	0
122	128	X	0	0
123	128	Y	0	0
124	94	X	0	0
125	94	Y	0	0
126	120	X	0	1
127	120	Y	0	1
128	155	X	0	0
129	155	Y	0	0
130	130	X	0	0
131	130	Y	0	0
132	158	X	0	0
133	158	Y	0	0
134	160	X	0	0
135	160	Y	0	0
136	132	X	0	0
137	132	Y	0	0
138	129	X	0	0
139	129	Y	0	0
140	133	X	0	0
141	133	Y	0	0
142	131	X	0	0
143	131	Y	0	0
144	161	X	0	0
145	161	Y	0	0
146	159	X	0	0
147	159	Y	0	0
148	156	X	0	0
149	156	Y	0	0
150	126	X	0	0
151	126	Y	0	0
152	157	X	0	0
153	157	Y	0	0
154	135	X	0	0
155	135	Y	0	0
156	134	X	0	0
157	134	Y	0	0
158	162	X	0	0
159	162	Y	0	0
160	164	X	0	0
161	164	Y	0	0
162	194	X	0	0
163	194	Y	0	0
164	166	X	0	0
165	166	Y	0	0
166	189	X	0	0
167	189	Y	0	0
168	188	X	0	0
169	188	Y	0	0
170	163	X	0	0
171	163	Y	0	0
172	191	X	0	0
173	191	Y	0	0
174	223	X	0	0
175	223	Y	0	0
176	193	X	0	0
177	193	Y	0	0
178	190	X	0	0
179	190	Y	0	0
180	152	X	0	0
181	152	Y	0	0
182	165	X	0	0
183	165	Y	0	0
184	192	X	0	0
185	192	Y	0	0
186	153	X	0	0
187	153	Y	0	0
188	154	X	0	0
189	154	Y	0	0
190	187	X	0	0
191	187	Y	0	0
192	225	X	0	0
193	225	Y	0	0
194	224	X	0	0
195	224	Y	0	0
196	196	X	0	0
197	196	Y	0	0
198	226	X	0	0
199	226	Y	0	0
200	248	X	0	0
201	248	Y	0	0
202	195	X	0	0
203	195	Y	0	0
204	186	X	0	0
205	186	Y	0	0
206	198	X	0	0
207	198	Y	0	0
208	167	X	0	0
209	167	Y	0	0
210	250	X	0	0
211	250	Y	0	0
212	197	X	0	0
213	197	Y	0	0
214	220	X	0	0
215	220	Y	0	0
216	221	X	0	0
217	221	Y	0	0
218	199	X	0	0
219	199	Y	0	0
220	249	X	0	0
221	249	Y	0	0
222	222	X	0	0
223	222	Y	0	0
224	244	X	0	0
225	244	Y	0	0
226	251	X	0	0
227	251	Y	0	0
228	245	X	0	0
229	245	Y	0	0
230	200	X	0	0
231	200	Y	0	0
232	217	X	0	0
233	217	Y	0	0
234	227	X	0	0
235	227	Y	0	0
236	228	X	0	0
237	228	Y	0	0
238	201	X	0	0
239	201	Y	0	0
240	219	X	0	0
241	219	Y	0	0
242	185	X	0	0
243	185	Y	0	0
244	247	X	0	0
245	247	Y	0	0
246	229	X	0	0
247	229	Y	0	0
248	252	X	0	0
249	252	Y	0	0
250	218	X	0	0
251	218	Y	0	0
252	168	X	0	0
253	168	Y	0	0
254	246	X	0	0
255	246	Y	0	0
256	9	X	0	0
257	9	Y	0	0
258	10	X	0	0
259	10	Y	0	0
260	1	X	0	0
261	1	Y	0	0
262	36	X	0	0
263	36	Y	0	0
264	33	X	0	0
265	33	Y	0	0
266	34	X	0	0
267	34	Y	0	0
268	3	X	0	0
269	3	Y	0	0
270	0	X	0	0
271	0	Y	0	0
272	8	X	0	0
273	8	Y	0	0
274	18	X	0	0
275	18	Y	0	0
276	4	Y	0	0   # pol swap
277	4	X	0	0
278	17	X	0	0
279	17	Y	0	0
280	15	X	0	1
281	15	Y	0	1
282	46	X	0	0
283	46	Y	0	0
284	65	X	0	0
285	65	Y	0	0
286	35	X	0	0
287	35	Y	0	0
288	78	X	0	0
289	78	Y	0	0
290	67	X	0	0
291	67	Y	0	0
292	42	X	0	0
293	42	Y	0	0
294	77	X	0	0
295	77	Y	0	0
296	48	X	0	0
297	48	Y	0	0
298	19	X	0	0
299	19	Y	0	0
300	64	X	0	0
301	64	Y	0	0
302	16	Y	0	0   # pol swap
303	16	X	0	0
304	43	X	0	0
305	43	Y	0	0
306	76	X	0	0
307	76	Y	0	0
308	14	X	0	0
309	14	Y	0	0
310	101	X	0	0
311	101	Y	0	0
312	47	X	0	0
313	47	Y	0	0
314	12	X	0	0
315	12	Y	0	0
316	11	X	0	1
317	11	Y	0	1
318	37	X	0	1
319	37	Y	0	1
320	38	X	0	0
321	38	Y	0	0
322	79	X	0	0
323	79	Y	0	0
324	45	X	0	0
325	45	Y	0	0
326	13	X	0	0
327	13	Y	0	0
328	81	X	0	0
329	81	Y	0	0
330	39	X	0	0
331	39	Y	0	0
332	41	X	0	0
333	41	Y	0	0
334	70	X	0	0
335	70	Y	0	0
336	68	X	0	0
337	68	Y	0	0
338	44	X	0	0
339	44	Y	0	0
340	80	X	0	0
341	80	Y	0	0
342	66	X	0	0
343	66	Y	0	0
344	73	X	0	0
345	73	Y	0	0
346	75	X	0	0
347	75	Y	0	0
348	99	X	0	0
349	99	Y	0	0
350	40	X	0	1
351	40	Y	0	1
352	114	X	0	0
353	114	Y	0	0
354	111	X	0	0
355	111	Y	0	0
356	109	X	0	0
357	109	Y	0	0
358	104	X	0	0
359	104	Y	0	0
360	117	X	0	0
361	117	Y	0	0
362	72	X	0	0
363	72	Y	0	0
364	115	X	0	0
365	115	Y	0	0
366	74	X	0	0
367	74	Y	0	0
368	112	X	0	0
369	112	Y	0	0
370	116	X	0	0
371	116	Y	0	0
372	106	X	0	0
373	106	Y	0	0
374	105	X	0	0
375	105	Y	0	0
376	108	X	0	0
377	108	Y	0	0
378	110	X	0	0
379	110	Y	0	0
380	113	X	0	0
381	113	Y	0	0
382	107	X	0	0
383	107	Y	0	0
384	142	X	0	0
385	142	Y	0	0
386	139	X	0	0
387	139	Y	0	0
388	172	X	0	0
389	172	Y	0	0
390	141	X	0	0
391	141	Y	0	0
392	140	X	0	0
393	140	Y	0	0
394	177	X	0	0
395	177	Y	0	0
396	138	X	0	0
397	138	Y	0	0
398	145	X	0	0
399	145	Y	0	0
400	175	X	0	0
401	175	Y	0	0
402	137	X	0	0
403	137	Y	0	0
404	173	X	0	0
405	173	Y	0	0
406	174	X	0	0
407	174	Y	0	0
408	146	X	0	0
409	146	Y	0	0
410	143	X	0	0
411	143	Y	0	0
412	144	X	0	0
413	144	Y	0	0
414	176	X	0	0
415	176	Y	0	0
416	212	X	0	0
417	212	Y	0	0
418	211	X	0	0
419	211	Y	0	0
420	206	X	0	0
421	206	Y	0	0
422	148	X	0	0
423	148	Y	0	0
424	178	X	0	0
425	178	Y	0	0
426	208	X	0	0
427	208	Y	0	0
428	210	X	0	0
429	210	Y	0	0
430	180	X	0	0
431	180	Y	0	0
432	234	X	0	0
433	234	Y	0	0
434	207	X	0	0
435	207	Y	0	0
436	179	X	0	0
437	179	Y	0	0
438	209	X	0	0
439	209	Y	0	0
440	147	X	0	0
441	147	Y	0	0
442	205	X	0	0
443	205	Y	0	0
444	181	X	0	0
445	181	Y	0	0
446	235	X	0	0
447	235	Y	0	0
448	236	X	0	0
449	236	Y	0	0
450	231	X	0	0
451	231	Y	0	0
452	255	X	0	0
453	255	Y	0	0
454	170	X	0	0
455	170	Y	0	0
456	233	X	0	0
457	233	Y	0	0
458	171	X	0	0
459	171	Y	0	0
460	214	X	0	0
461	214	Y	0	0
462	238	X	0	0
463	238	Y	0	0
464	182	X	0	0
465	182	Y	0	0
466	203	X	0	0
467	203	Y	0	0
468	237	X	0	0
469	237	Y	0	0
470	136	X	0	0
471	136	Y	0	0
472	213	X	0	0
473	213	Y	0	0
474	204	X	0	0
475	204	Y	0	0
476	149	X	0	0
477	149	Y	0	0
478	232	X	0	0
479	232	Y	0	0
480	230	X	0	0
481	230	Y	0	0
482	241	X	0	0
483	241	Y	0	0
484	150	X	0	0
485	150	Y	0	0
486	243	X	0	0
487	243	Y	0	0
488	254	X	0	0
489	254	Y	0	0
490	239	X	0	0
491	239	Y	0	0
492	253	X	0	0
493	253	Y	0	0
494	240	X	0	0
495	240	Y	0	0
496	242	X	0	0
497	242	Y	0	0
498	202	Y	0	0   # pol swap
499	202	X	0	0
500	215	X	0	0
501	215	Y	0	0
502	151	Y	0	0   # pol swap
503	151	X	0	0
504	216	X	0	0
505	216	Y	0	0
506	183	X	0	0
507	183	Y	0	0
508	184	X	0	0
509	184	Y	0	0
510	169	X	0	0
511	169	Y	0	0
